142.6728160254077
142.6728160254077
142.6728160254077
148.72327077792812
148.72327077792812
148.72327077792812
151.37056657172548
156.83523582081563
156.83523582081563
156.83523582081563
158.36662467407783
158.36662467407783
158.36662467407783
169.2995753412306
169.2995753412306
169.2995753412306
169.351563353802
169.351563353802
169.351563353802
171.4388374461107
171.4388374461107
171.4388374461107
171.59411905218744
171.59411905218744
172.1612266135429
172.1612266135429
172.1612266135429
183.44384584815788
196.4048425866223
202.560518647875
202.560518647875
202.560518647875
208.09729125064115
208.09729125064115
208.75341031859966
208.75341031859966
208.9497539866776
211.00900065554288
211.00900065554288
211.00900065554288
212.2682437168825
212.2682437168825
212.2682437168825
215.5320568451159
215.5320568451159
215.5320568451159
219.13208272249022
219.13208272249022
225.27979045977892
225.27979045977892
225.27979045977892
225.82943888040185
225.82943888040185
225.82943888040185
226.40360253368522
226.40360253368522
226.40360253368522
230.6905393586035
230.6905393586035
230.6905393586035
232.57555061098785
232.57555061098785
232.57555061098785
232.8675090131265
232.8675090131265
233.18494940491107
233.18494940491107
233.18494940491107
233.36607646964507
233.36607646964507
233.36607646964507
236.6828862302939
239.1796327886923
242.1874203764865
242.1874203764865
242.1874203764865
244.9209469412608
253.11910046554075
253.11910046554075
253.11910046554075
254.5537240073168
254.5537240073168
254.5537240073168
256.3067851345356
256.3067851345356
256.3067851345356
259.9478421876192
259.9478421876192
259.9478421876192
260.0117744422212
260.0117744422212
260.0117744422212
267.4877515019574
267.4877515019574
267.4877515019574
270.60845883386276
270.60845883386276
270.60845883386276
270.65580888462466
270.65580888462466
270.65580888462466
270.8990546452697
270.8990546452697
270.8990546452697
271.87592825191297
271.87592825191297
271.87592825191297
274.8008520582199
274.8008520582199
274.8008520582199
280.34723908760463
280.34723908760463
280.34723908760463
281.51460093882196
281.51460093882196
281.51460093882196
284.3635502339728
291.6698678399441
295.72032914496447
295.72032914496447
295.72032914496447
300.70193450545
300.70193450545
300.70193450545
300.77105074555834
300.77105074555834
301.48196207591275
301.48196207591275
301.48196207591275
301.6268911479165
311.8607778132881
311.8607778132881
312.9923698027988
312.9923698027988
312.9923698027988
316.22267292970105
316.22267292970105
319.2413880211184
321.9099368886995
321.9099368886995
321.9099368886995
322.25864446399993
322.25864446399993
322.25864446399993
324.26887998187226
324.26887998187226
325.44545291185955
325.44545291185955
325.44545291185955
144.70780767618163
